9 0.7552083333333333
-18 0.36458333333333326
-23 0.359375
9 0.005208333333333481
-15 0.359375
-23 0.34895833333333304
9 0.005208333333333481
-18 0.359375
-23 0.3489583333333335
1 0.005208333333333037
-15 0.35416666666666696
-23 0.36458333333333304
6 0.005208333333333481
-22 0.359375
-15 0.35937499999999956
6 0.0052083333333339255
-18 0.34375
-15 0.34895833333333304
6 0.005208333333333037
-22 0.34375
-15 0.3489583333333339
-18 0.0
4 0.3385416666666661
-15 0.38541666666666696
-15 0.0
1 0.359375
4 0.34375
1 0.005208333333333037
-23 0.328125
4 0.35416666666666696
-15 0.0
1 0.35416666666666696
4 0.34895833333333215
1 0.0052083333333339255
-23 0.34375
4 0.359375
-20 0.0
8 0.3541666666666661
-13 0.3645833333333339
8 0.0052083333333339255
-16 0.34375
-13 0.3541666666666661
-20 0.015625
8 0.3645833333333339
-13 0.38020833333333215
-16 0.0
8 0.8020833333333339
9 0.0052083333333339255
-18 0.005208333333332149
-23 0.38541666666666785
9 0.359375
9 0.34375
6 0.36458333333333215
9 0.3333333333333339
6 0.3333333333333339
9 0.34375
11 0.3854166666666661
9 0.015625
-22 0.0052083333333339255
1 0.6614583333333321
9 0.36458333333333215
9 0.40625
4 0.49479166666666785
1 1.0
1 0.010416666666667851
4 0.010416666666664298
-15 1.71875
9 0.3645833333333357
9 0.36458333333333215
9 0.375
11 0.005208333333332149
-8 0.0
8 1.03125
8 0.3645833333333357
8 0.3385416666666643
6 0.36979166666666785
9 0.6822916666666679
9 0.010416666666664298
-18 0.005208333333335702
-23 0.375
9 0.3385416666666643
9 0.359375
6 0.35416666666666785
9 0.33854166666666785
6 0.3385416666666643
9 0.34375
11 0.36979166666666785
-15 0.0
1 0.010416666666667851
-22 0.734375
9 0.34895833333333215
9 0.38541666666666785
4 0.5
1 0.9375
1 0.015625
-15 0.0
4 1.6875
9 0.34375
9 0.3541666666666643
11 0.4166666666666643
11 0.015625
4 1.734375
1 0.3697916666666714
1 0.3645833333333286
1 0.359375
-15 0.0
1 0.010416666666671404
-18 0.375
-23 0.3489583333333286
9 0.026041666666671404
6 0.3333333333333286
-23 0.3541666666666714
6 0.010416666666664298
9 0.3489583333333357
-23 0.359375
-6 0.0
1 0.3385416666666643
-23 0.3645833333333357
-22 0.0
6 0.3645833333333286
9 0.3541666666666714
2 0.0
6 0.375
9 0.34375
6 0.005208333333328596
2 0.34375
1 0.005208333333335702
9 0.34375
4 0.005208333333335702
1 0.005208333333328596
2 0.3385416666666714
9 0.005208333333328596
1 0.3333333333333357
-15 0.005208333333335702
1 0.005208333333328596
1 0.3697916666666714
4 0.3333333333333286
9 0.005208333333335702
1 0.3697916666666643
4 0.3489583333333357
9 0.005208333333335702
1 0.3489583333333286
4 0.3541666666666714
9 0.005208333333328596
1 0.3385416666666714
4 0.359375
-20 0.0
8 0.3802083333333286
-13 0.3333333333333357
4 0.005208333333335702
8 0.3541666666666643
-13 0.359375
4 0.0
8 0.3385416666666643
1 0.010416666666671404
-13 0.328125
4 0.005208333333328596
8 0.010416666666671404
1 0.3333333333333286
1 0.005208333333335702
-13 0.3333333333333357
9 0.005208333333328596
-23 0.0
1 0.005208333333335702
-18 0.7552083333333357
-23 0.6875
-23 0.3177083333333286
9 0.2083333333333357
11 0.125
11 0.026041666666664298
-23 0.3072916666666714
11 0.2135416666666643
1 0.0989583333333357
-15 0.015625
-22 0.010416666666664298
11 0.34375
9 0.3489583333333357
-15 0.005208333333328596
9 0.6822916666666714
-15 0.3489583333333286
1 0.359375
1 0.005208333333335702
-15 0.34375
1 0.3541666666666643
-15 0.0
4 0.005208333333335702
1 0.734375
4 0.6822916666666643
4 0.3177083333333357
8 0.1927083333333357
9 0.1197916666666643
9 0.005208333333335702
4 0.3229166666666643
9 0.2135416666666643
11 0.1041666666666714
-13 0.005208333333328596
-20 0.005208333333335702
8 0.34375
8 0.359375
-13 0.0
8 0.359375
9 0.3541666666666643
-13 0.6927083333333357
-13 0.6979166666666643
-13 0.359375
1 0.3489583333333357
1 0.3541666666666643
1 0.3541666666666714
-18 0.010416666666664298
1 0.3645833333333357
-23 0.375
-15 0.3489583333333286
-23 0.359375
-15 0.3385416666666714
-23 0.34375
-15 0.3333333333333286
-23 0.0
9 0.3385416666666714
6 0.010416666666664298
-22 0.3177083333333357
4 0.005208333333328596
-15 0.3489583333333357
-18 0.3385416666666643
-15 0.3385416666666714
-18 0.34375
9 0.005208333333328596
-15 0.3229166666666714
-18 0.020833333333328596
4 0.3177083333333286
-15 0.005208333333342807
4 0.2239583333333286
1 0.1197916666666714
-15 0.3489583333333286
-20 0.3125
-23 0.34375
-20 0.3177083333333286
-23 0.3333333333333428
9 0.005208333333328596
-20 0.3333333333333286
-23 0.005208333333342807
4 0.3177083333333286
4 0.010416666666671404
-20 0.21875
1 0.1145833333333286
-20 0.3177083333333286
-13 0.3489583333333428
-16 0.3385416666666572
-13 0.0
11 0.3333333333333428
-16 0.34375
-13 0.005208333333328596
1 0.328125
1 0.010416666666671404
-16 0.3229166666666572
-13 0.005208333333342807
1 0.328125
1 0.005208333333328596
-18 0.3489583333333286
-23 0.3385416666666714
-15 0.3385416666666714
-23 0.34375
-15 0.3385416666666572
-23 0.005208333333342807
9 0.328125
6 0.010416666666657193
-15 0.3072916666666714
6 0.005208333333328596
-23 0.2135416666666714
2 0.125
-22 0.3072916666666714
-15 0.3333333333333286
-18 0.3385416666666714
-15 0.328125
-18 0.3229166666666572
-15 0.328125
-18 0.3385416666666714
-15 0.015625
4 0.3072916666666714
-15 0.005208333333328596
1 0.34375
4 0.005208333333328596
-20 0.3333333333333428
-23 0.010416666666657193
1 0.34375
4 0.005208333333342807
-20 0.328125
-23 0.005208333333328596
1 0.3385416666666714
4 0.010416666666657193
-20 0.3125
-23 0.0
1 0.3333333333333428
11 0.005208333333328596
-20 0.203125
2 0.125
-20 0.3333333333333286
-13 0.3489583333333428
-16 0.328125
-13 0.0
6 0.3333333333333286
-16 0.0
2 0.3333333333333286
-13 0.3072916666666714
1 0.010416666666671404
-16 0.3333333333333286
-13 0.3229166666666714
-18 0.005208333333328596
-18 0.005208333333328596
9 0.328125
9 0.010416666666671404
-23 0.3177083333333286
-15 0.010416666666671404
9 0.3385416666666714
-23 0.005208333333328596
9 0.3177083333333286
1 0.010416666666671404
-15 0.3177083333333286
1 0.005208333333342807
-23 0.3385416666666572
9 0.010416666666671404
-15 0.2083333333333286
9 0.1041666666666714
-23 0.005208333333328596
8 0.2239583333333428
8 0.0989583333333286
-22 0.005208333333328596
-22 0.005208333333342807
6 0.3333333333333286
6 0.020833333333328596
-15 0.3072916666666714
6 0.015625
6 0.328125
4 0.015625
-15 0.3177083333333286
-6 0.0
4 0.3385416666666714
-15 0.005208333333328596
4 0.3229166666666714
11 0.010416666666671404
6 0.328125
-15 0.005208333333328596
11 0.3177083333333286
-15 0.005208333333342807
-15 0.015625
1 0.3333333333333286
1 0.010416666666671404
-20 0.3229166666666572
-23 0.010416666666671404
1 0.3333333333333286
1 0.010416666666671404
-20 0.3125
4 0.005208333333328596
-23 0.3333333333333428
-20 0.0
2 0.3177083333333286
1 0.010416666666671404
-23 0.1927083333333286
11 0.1197916666666714
-20 0.0
9 0.1875
8 0.0989583333333286
-20 0.005208333333328596
-20 0.015625
8 0.328125
-13 0.0
8 0.3333333333333428
-16 0.010416666666657193
8 0.3333333333333428
-13 0.0
8 0.328125
11 0.005208333333328596
-16 0.3229166666666714
-13 0.005208333333328596
11 0.3385416666666714
-16 0.010416666666657193
8 0.3125
8 0.005208333333342807
-13 0.3229166666666572
-18 0.0
-6 0.010416666666671404
9 0.3385416666666714
-23 0.0
9 0.3333333333333286
-15 0.005208333333328596
9 0.3125
-23 0.005208333333342807
9 0.34375
-15 0.010416666666657193
1 0.3229166666666714
-23 0.005208333333328596
1 0.3489583333333428
-15 0.0
9 0.2291666666666572
9 0.0885416666666714
-23 0.020833333333328596
8 0.1979166666666714
8 0.1197916666666714
6 0.005208333333328596
-22 0.005208333333328596
-22 0.3333333333333428
-15 0.0
6 0.3333333333333286
-6 0.0
6 0.3385416666666714
4 0.010416666666657193
-15 0.328125
-6 0.0
4 0.3385416666666714
-15 0.0
4 0.3385416666666714
11 0.010416666666657193
6 0.3020833333333428
-15 0.010416666666657193
11 0.3385416666666714
-15 0.010416666666671404
-15 0.005208333333328596
1 0.328125
1 0.005208333333328596
-20 0.3333333333333428
-23 0.010416666666657193
1 0.3229166666666714
1 0.005208333333328596
-20 0.3385416666666714
-23 0.0
4 0.328125
2 0.010416666666671404
-20 0.296875
1 0.005208333333328596
-23 0.2135416666666714
11 0.10416666666665719
-20 0.010416666666671404
9 0.203125
8 0.109375
-20 0.0
-8 0.015625
8 0.328125
8 0.005208333333328596
-13 0.3385416666666714
-16 0.0
8 0.3333333333333286
-13 0.005208333333342807
8 0.34375
9 0.005208333333328596
-16 0.3333333333333286
-13 0.005208333333342807
9 0.3333333333333286
-16 0.010416666666671404
11 0.3177083333333286
-13 0.010416666666671404
9 0.34375
-15 0.010416666666657193
-18 0.005208333333342807
-23 0.3229166666666572
9 0.3385416666666714
9 0.328125
9 0.3541666666666714
9 0.328125
6 0.3385416666666572
9 0.3489583333333428
11 0.375
1 0.005208333333328596
-15 0.015625
-22 0.703125
9 0.3385416666666714
9 0.359375
4 0.46875
1 1.0052083333333286
-15 0.005208333333328596
-20 0.0
-11 1.6458333333333428
9 0.3489583333333286
9 0.3489583333333286
9 0.359375
-13 0.010416666666671404
-20 0.0
8 0.9375
8 0.3333333333333286
8 0.34375
6 0.328125
9 0.34375
1 0.34375
-15 0.010416666666671404
-18 0.010416666666671404
-23 0.3541666666666572
9 0.34375
9 0.3489583333333428
11 0.3489583333333286
9 0.34375
6 0.3489583333333286
9 0.3541666666666714
11 0.375
-15 0.005208333333328596
1 0.005208333333342807
-22 1.0208333333333286
9 0.4114583333333286
4 0.4947916666666714
1 0.9739583333333286
-23 0.005208333333342807
-15 0.005208333333328596
-20 1.7760416666666714
9 0.3645833333333286
9 0.359375
11 0.3802083333333286
-13 0.020833333333342807
-20 1.890625
1 0.359375
1 0.3854166666666572
1 0.359375
1 0.005208333333342807
6 0.3802083333333286
1 0.3385416666666714
9 0.3541666666666572
1 0.359375
6 0.3645833333333428
1 0.3333333333333286
9 0.3489583333333286
1 0.3697916666666714
6 0.3333333333333286
2 0.3333333333333428
9 0.3489583333333144
2 0.34375
6 0.3541666666666856
2 0.015625
1 0.328125
9 0.0052083333333143855
1 0.3489583333333428
2 0.005208333333342807
1 0.3489583333333144
-20 0.0
1 0.3489583333333428
1 0.3489583333333428
9 0.3125
1 0.359375
4 0.3333333333333144
1 0.34375
9 0.328125
1 0.359375
4 0.34375
11 0.359375
8 0.3541666666666856
11 0.34375
4 0.3541666666666572
-1 0.0
9 0.3489583333333428
8 0.010416666666657193
4 0.328125
11 0.015625
4 0.2083333333333428
1 0.11458333333331439
6 0.3125
9 0.010416666666685614
1 0.328125
9 0.015625
4 0.3020833333333144
4 0.026041666666685614
1 0.21875
1 0.125
6 0.2916666666666572
9 0.015625
1 0.328125
9 0.010416666666657193
4 0.3020833333333428
4 0.010416666666657193
1 0.203125
11 0.11458333333334281
6 0.3229166666666572
2 0.015625
9 0.3229166666666856
9 0.010416666666657193
9 0.34375
2 0.3333333333333428
6 0.3333333333333144
9 0.010416666666685614
2 0.3229166666666572
9 0.005208333333342807
4 0.3177083333333144
4 0.005208333333342807
2 0.2291666666666572
1 0.109375
4 0.34375
1 0.3385416666666856
9 0.3229166666666572
1 0.34375
4 0.328125
1 0.010416666666657193
9 0.3333333333333428
9 0.010416666666657193
4 0.3177083333333428
4 0.005208333333342807
1 0.21875
1 0.109375
4 0.020833333333314386
11 0.3177083333333428
11 0.3489583333333428
8 0.3541666666666572
11 0.3541666666666572
4 0.34375
11 0.3333333333333428
8 0.328125
11 0.34375
9 0.015625
6 0.15625
9 0.1666666666666572
1 0.1770833333333428
11 0.1614583333333428
9 0.010416666666657193
9 0.3125
1 0.171875
4 0.1666666666666572
1 0.005208333333342807
6 0.34375
8 0.005208333333342807
1 0.16145833333331439
8 0.1614583333333428
9 0.015625
9 0.1666666666666572
1 0.16666666666668561
1 0.171875
1 0.1666666666666572
9 0.005208333333342807
6 0.16145833333331439
9 0.171875
2 0.16666666666668561
11 0.15625
9 0.0052083333333143855
9 0.3385416666666856
2 0.14583333333331439
4 0.171875
1 0.015625
6 0.328125
2 0.16666666666668561
1 0.1510416666666572
9 0.171875
8 0.1875
2 0.11979166666665719
8 0.171875
-8 0.0
9 0.171875
9 0.140625
1 0.1614583333333428
11 0.1614583333333428
9 0.0052083333333143855
9 0.3125
1 0.18229166666668561
4 0.140625
4 0.020833333333314386
1 0.34375
1 0.010416666666685614
8 0.16145833333331439
8 0.15625
9 0.015625
9 0.15625
1 0.1614583333333428
1 0.15625
1 0.171875
4 0.005208333333342807
9 0.15625
9 0.171875
11 0.15625
11 0.15625
9 0.0052083333333143855
8 0.3229166666666856
11 0.15625
4 0.15625
1 0.026041666666657193
4 0.3020833333333428
11 0.1822916666666572
1 0.1510416666666572
8 0.16666666666668561
1 0.171875
-13 0.0
1 0.75
1 0.3645833333333144
1 0.3489583333333428
1 0.3541666666666572
1 0.0
9 0.005208333333342807
-18 0.0
9 0.3333333333333428
-23 0.0052083333333143855
9 0.005208333333342807
9 0.3333333333333428
-15 0.010416666666657193
-3 0.0
9 0.3489583333333428
-23 0.0
9 0.0052083333333143855
9 0.34375
-15 0.005208333333342807
-11 0.0
1 0.3229166666666572
-23 0.0
1 0.005208333333342807
1 0.328125
9 0.010416666666657193
-15 0.2083333333333428
9 0.11458333333334281
-23 0.0052083333333143855
8 0.1927083333333428
8 0.09895833333334281
-22 0.010416666666657193
6 0.005208333333342807
6 0.3072916666666572
-15 0.015625
-6 0.0
6 0.3177083333333428
-18 0.0
6 0.0052083333333143855
6 0.3229166666666856
4 0.0052083333333143855
-15 0.0
4 0.328125
-8 0.0
4 0.005208333333342807
6 0.3177083333333428
-15 0.0052083333333143855
4 0.005208333333342807
4 0.328125
-6 0.0
11 0.005208333333342807
11 0.328125
-1 0.0
11 0.0052083333333143855
-15 0.3125
-15 0.0
1 0.005208333333342807
1 0.328125
-20 0.005208333333342807
1 0.0052083333333143855
1 0.3177083333333428
-23 0.005208333333342807
-11 0.0
1 0.328125
1 0.0052083333333143855
-20 0.0
1 0.328125
-23 0.005208333333342807
-8 0.0
4 0.3229166666666572
-20 0.0
2 0.005208333333342807
2 0.3177083333333428
-23 0.0
1 0.0052083333333143855
1 0.19791666666668561
11 0.0052083333333143855
11 0.109375
-20 0.010416666666685614
9 0.0052083333333143855
9 0.1875
8 0.140625
-20 0.0
8 0.3229166666666856
-13 0.0052083333333143855
8 0.005208333333342807
8 0.3177083333333428
8 0.0052083333333143855
-16 0.0
8 0.3229166666666856
-13 0.0052083333333143855
8 0.005208333333342807
8 0.3229166666666572
11 0.005208333333342807
-16 0.0
11 0.3229166666666572
-13 0.005208333333342807
-1 0.0
11 0.3333333333333428
-16 0.0052083333333143855
-4 0.0
8 0.3229166666666856
-13 0.010416666666657193
8 0.005208333333342807
8 0.3177083333333144
-18 0.005208333333342807
-3 0.0
9 0.3125
-23 0.015625
9 0.005208333333342807
9 0.3333333333333144
-15 0.010416666666685614
-3 0.0
9 0.3125
-23 0.0052083333333143855
-3 0.0
9 0.328125
-15 0.005208333333342807
1 0.005208333333342807
1 0.3072916666666572
-23 0.010416666666657193
1 0.005208333333342807
1 0.3020833333333428
9 0.010416666666657193
-15 0.1979166666666572
9 0.11979166666668561
-23 0.0052083333333143855
8 0.1927083333333428
8 0.11979166666665719
-22 0.005208333333342807
-6 0.0
6 0.3072916666666572
-15 0.005208333333342807
6 0.005208333333342807
6 0.3229166666666572
-6 0.0
6 0.005208333333342807
6 0.328125
-15 0.0
4 0.0052083333333143855
4 0.3177083333333428
6 0.005208333333342807
4 0.0052083333333143855
4 0.3229166666666856
-15 0.0052083333333143855
4 0.005208333333342807
4 0.3177083333333428
-6 0.0
11 0.0052083333333143855
11 0.3177083333333428
-15 0.005208333333342807
-1 0.0
11 0.3177083333333144
-15 0.005208333333342807
1 0.005208333333342807
1 0.3229166666666572
-20 0.0
1 0.005208333333342807
1 0.3125
-23 0.010416666666657193
-11 0.0
1 0.3125
-20 0.005208333333342807
1 0.0052083333333143855
1 0.3229166666666856
-8 0.0
4 0.0052083333333143855
-23 0.296875
2 0.005208333333342807
2 0.010416666666657193
-20 0.296875
-11 0.0
1 0.010416666666685614
-23 0.17708333333331439
11 0.005208333333342807
11 0.11979166666665719
-20 0.005208333333342807
-3 0.0
9 0.1875
8 0.11979166666665719
-20 0.015625
8 0.3229166666666856
-4 0.0
8 0.0052083333333143855
-13 0.328125
-4 0.0
8 0.005208333333342807
-16 0.3177083333333428
-13 0.0052083333333143855
8 0.005208333333342807
8 0.3229166666666572
-16 0.010416666666685614
11 0.0052083333333143855
11 0.3177083333333428
-1 0.0
11 0.005208333333342807
-13 0.3229166666666572
-16 0.0
8 0.005208333333342807
8 0.3125
-13 0.0052083333333143855
-4 0.0
8 0.3333333333333428
-18 0.0
-6 0.0
9 0.005208333333342807
1 0.0052083333333143855
9 0.3177083333333428
-23 0.0
9 0.005208333333342807
9 0.328125
-15 0.0
9 0.0052083333333143855
9 0.3177083333333428
-23 0.005208333333342807
-3 0.0
9 0.328125
1 0.0052083333333143855
-15 0.0
1 0.3020833333333428
1 0.005208333333342807
-23 0.0
1 0.3229166666666572
9 0.005208333333342807
-15 0.20833333333331439
9 0.10416666666668561
-23 0.020833333333314386
8 0.19791666666668561
8 0.125
-22 0.0
6 0.0052083333333143855
-22 0.0
6 0.005208333333342807
9 0.3072916666666572
-15 0.0
6 0.010416666666685614
6 0.3177083333333144
6 0.010416666666685614
6 0.0052083333333143855
6 0.3125
4 0.005208333333342807
-15 0.005208333333342807
4 0.3125
-6 0.0
4 0.0052083333333143855
4 0.3072916666666856
-15 0.0052083333333143855
4 0.005208333333342807
4 0.3177083333333428
11 0.0052083333333143855
-6 0.0
11 0.3072916666666856
11 0.0052083333333143855
11 0.005208333333342807
-15 0.3229166666666572
-15 0.005208333333342807
-15 0.0
1 0.005208333333342807
1 0.0
4 0.3125
1 0.0052083333333143855
1 0.010416666666685614
-20 0.3229166666666572
-23 0.005208333333342807
1 0.0052083333333143855
1 0.3020833333333428
-20 0.005208333333342807
-11 0.0
1 0.3177083333333144
-23 0.005208333333342807
4 0.005208333333342807
4 0.3072916666666572
-20 0.005208333333342807
-10 0.0
2 0.3229166666666572
-11 0.0
1 0.005208333333342807
-23 0.1875
11 0.015625
11 0.11458333333331439
9 0.005208333333342807
-20 0.0
9 0.1979166666666572
8 0.1302083333333428
11 0.005208333333342807
8 0.0052083333333143855
-20 0.005208333333342807
-20 0.3177083333333428
8 0.0052083333333143855
-13 0.005208333333342807
8 0.3229166666666572
-16 0.005208333333342807
-4 0.0
8 0.328125
-13 0.005208333333342807
8 0.0052083333333143855
8 0.2916666666666856
-1 0.0
11 0.0052083333333143855
-16 0.328125
-13 0.010416666666685614
11 0.0052083333333143855
11 0.3333333333333428
-4 0.0
8 0.005208333333342807
-16 0.3177083333333144
-13 0.005208333333342807
8 0.005208333333342807
8 0.3177083333333144
-3 0.0
9 0.005208333333342807
-18 0.0
1 0.005208333333342807
-18 0.3177083333333144
-23 0.005208333333342807
9 0.005208333333342807
9 0.328125
-15 0.0052083333333143855
-3 0.0
9 0.3229166666666856
-23 0.010416666666657193
-3 0.0
9 0.328125
-15 0.0
1 0.005208333333342807
1 0.3177083333333144
1 0.005208333333342807
-23 0.0
1 0.328125
-15 0.0
9 0.203125
9 0.11458333333334281
-23 0.010416666666657193
8 0.1979166666666572
8 0.125
-22 0.005208333333342807
-22 0.0
6 0.005208333333342807
6 0.0
9 0.3229166666666572
-15 0.0
6 0.005208333333342807
6 0.3177083333333144
6 0.015625
6 0.005208333333342807
6 0.3125
-15 0.005208333333342807
4 0.0052083333333143855
4 0.328125
6 0.005208333333342807
4 0.005208333333342807
4 0.3125
-15 0.0
4 0.0052083333333143855
4 0.328125
6 0.005208333333342807
-1 0.0
11 0.3072916666666572
11 0.005208333333342807
-15 0.0
11 0.3229166666666572
-15 0.0
1 0.005208333333342807
1 0.0
4 0.005208333333342807
-15 0.3072916666666572
1 0.010416666666657193
1 0.005208333333342807
-20 0.3333333333333428
-23 0.0052083333333143855
-11 0.0
1 0.3229166666666856
1 0.0052083333333143855
-20 0.0
1 0.3333333333333428
-23 0.005208333333342807
4 0.0052083333333143855
4 0.3125
-20 0.005208333333342807
-10 0.0
2 0.3229166666666572
-11 0.0
1 0.005208333333342807
-23 0.1927083333333428
11 0.0052083333333143855
11 0.09375
-20 0.03125
9 0.005208333333342807
9 0.171875
8 0.140625
-20 0.0
11 0.005208333333342807
-20 0.0
8 0.3333333333333144
-13 0.005208333333342807
8 0.005208333333342807
8 0.328125
-16 0.010416666666657193
-4 0.0
8 0.328125
-13 0.005208333333342807
8 0.0052083333333143855
8 0.328125
-16 0.0
9 0.005208333333342807
9 0.3177083333333428
-13 0.0052083333333143855
-3 0.0
9 0.3229166666666856
-16 0.0052083333333143855
11 0.005208333333342807
11 0.3385416666666572
9 0.005208333333342807
9 0.3489583333333428
-18 0.0
9 0.3541666666666572
-23 0.3541666666666572
9 0.010416666666685614
-15 0.3333333333333144
-23 0.3333333333333428
9 0.015625
-18 0.3385416666666572
-23 0.34375
1 0.005208333333342807
-15 0.3385416666666572
-23 0.3489583333333428
6 0.005208333333342807
-22 0.3541666666666572
9 0.3385416666666572
6 0.015625
6 0.3177083333333428
9 0.34375
-22 0.010416666666657193
6 0.3385416666666856
9 0.3541666666666572
4 0.005208333333342807
6 0.3489583333333144
9 0.390625
1 0.010416666666685614
-15 0.3541666666666572
4 0.375
-23 0.0
1 0.3697916666666572
4 0.3854166666666856
-15 0.0052083333333143855
1 0.4114583333333428
4 0.3802083333333428
1 0.0052083333333143855
-23 0.4583333333333428
4 0.59375
8 0.015625
-20 1.5
